0 0.1946 0.16858666666666666 0.18918000000000001 0.20002666666666669
0 0.4699 0.25766666666666665 0.23693999999999998 0.21058666666666667
0 0.65344 0.33476 0.164 0.14381333333333332
0 0.82086 0.4007866666666666 0.14458000000000001 0.08157333333333333
0 0.7265199999999999 0.46448 0.11588 0.10612
0 0.36995999999999996 0.3933733333333333 0.10564 0.10866666666666666
0 0.26492 0.43113333333333337 0.10126 0.08132
0 0.21253999999999998 0.4900666666666667 0.09364 0.07726666666666666
0 0.69278 0.79084 0.07698 0.15312
0 0.6033999999999999 0.7908000000000001 0.09822 0.16064
0 0.49857999999999997 0.7356 0.10002 0.08834666666666667
0 0.25534 0.6816266666666667 0.14498 0.16705333333333333
0 0.35728 0.7628266666666667 0.046 0.07041333333333334
0 0.42204 0.7452266666666666 0.06122 0.08093333333333334