0 0.86122 0.28213333333333335 0.12242 0.09570666666666666
0 0.72474 0.3029866666666667 0.12378 0.11456000000000001
0 0.81638 0.42188000000000003 0.10706 0.10470666666666667
0 0.62688 0.17770666666666668 0.13378 0.10779999999999999
0 0.48081999999999997 0.15906666666666666 0.15594 0.14289333333333334
0 0.34628 0.13678666666666667 0.12112 0.13644
0 0.20946 0.43468 0.12178 0.0808
0 0.17098 0.56892 0.10198 0.10925333333333333
0 0.12846000000000002 0.4607466666666667 0.13122 0.08721333333333332
0 0.04028 0.49148000000000003 0.07486 0.07629333333333334
0 0.51366 0.35877333333333333 0.27876 0.22991999999999999