0 0.6449400000000001 0.15786666666666668 0.24988 0.23574666666666666
0 0.12766 0.4065466666666667 0.10674 0.07784
0 0.19291999999999998 0.4632933333333334 0.07158 0.06944
0 0.31094 0.28769333333333336 0.1076 0.10681333333333333
0 0.4234 0.29046666666666665 0.07536 0.05901333333333333
0 0.32112 0.3811333333333334 0.0994 0.11085333333333333
0 0.25522 0.44250666666666666 0.099 0.09642666666666666
0 0.18636000000000003 0.6154933333333333 0.13272 0.14145333333333335
0 0.31456 0.5799466666666666 0.12626 0.19226666666666664
0 0.51282 0.5925866666666667 0.20848 0.28232
0 0.69972 0.5873733333333333 0.14802 0.19950666666666667
0 0.4395 0.3797733333333333 0.14186 0.1386
0 0.5698799999999999 0.38226666666666664 0.09974 0.12454666666666667
0 0.67144 0.41586666666666666 0.08574 0.1346
0 0.7778400000000001 0.42956 0.1157 0.10865333333333332
0 0.80822 0.5039066666666667 0.06216 0.04781333333333333
0 0.8819600000000001 0.4677733333333333 0.0725 0.06697333333333333
0 0.8521799999999999 0.5647333333333333 0.07006 0.047573333333333336