0 0.023579999999999997 0.22934666666666664 0.04714 0.08917333333333333
0 0.06538 0.20404 0.062200000000000005 0.06522666666666667
0 0.13036 0.21574666666666667 0.054979999999999994 0.06960000000000001
0 0.19332 0.22944 0.07236 0.07793333333333334
0 0.26694 0.25982666666666665 0.0596 0.07776
0 0.30612 0.22820000000000001 0.0808 0.07925333333333333
0 0.39056 0.21236000000000002 0.07826000000000001 0.07044
0 0.50476 0.20604 0.13524 0.1378
0 0.59768 0.23598666666666668 0.0525 0.07198666666666667
0 0.6488200000000001 0.22571999999999998 0.07478 0.10097333333333335
0 0.72234 0.23208 0.05038 0.08321333333333333
0 0.77622 0.24633333333333332 0.061020000000000005 0.08122666666666667
0 0.84082 0.22976 0.053079999999999995 0.10522666666666666
0 0.90786 0.23505333333333334 0.06714 0.10058666666666666
0 0.97714 0.2590133333333333 0.04572 0.07994666666666667
0 0.8564400000000001 0.33048 0.1243 0.09716000000000001