0 0.54852 0.13748 0.19418000000000002 0.17209333333333332
0 0.19502 0.15962666666666667 0.0586 0.07164
0 0.10837999999999999 0.22492 0.16534000000000001 0.10316
0 0.14046 0.39281333333333335 0.10376 0.08469333333333334
0 0.09806000000000001 0.6474266666666667 0.13328 0.14056
0 0.23842 0.4459066666666667 0.11112000000000001 0.09941333333333334
0 0.18553999999999998 0.52428 0.09108 0.07713333333333333
0 0.2918 0.61856 0.16072 0.13236
0 0.34312 0.5084533333333333 0.09766 0.09501333333333334
0 0.37374 0.38622666666666666 0.14176 0.11721333333333332
0 0.50336 0.27441333333333334 0.1667 0.12597333333333333
0 0.50518 0.46366666666666667 0.1418 0.11590666666666667
0 0.54772 0.5998533333333333 0.23256 0.14066666666666666
0 0.63838 0.41296000000000005 0.11104 0.18973333333333334
0 0.74824 0.4329733333333334 0.11362 0.10786666666666668
0 0.75806 0.5220266666666666 0.13328 0.08022666666666667
0 0.75246 0.6291333333333333 0.1392 0.12304
0 0.89964 0.54276 0.15353999999999998 0.0798
0 0.87602 0.3930133333333333 0.1406 0.10793333333333334
0 0.8650800000000001 0.18524000000000002 0.07304000000000001 0.08476
0 0.79288 0.15586666666666668 0.054340000000000006 0.06029333333333333