0 0.14408 0.27941333333333335 0.26530000000000004 0.18929333333333334
0 0.21080000000000002 0.45097333333333334 0.3359 0.1248
0 0.86714 0.23101333333333332 0.26572 0.18774666666666667
0 0.8435 0.4208 0.29842 0.13684
0 0.92428 0.5638666666666666 0.15142 0.11821333333333332
0 0.84338 0.7663599999999999 0.10959999999999999 0.19177333333333335
0 0.74646 0.6617866666666666 0.1272 0.10834666666666667
0 0.63066 0.8119733333333333 0.20416 0.31346666666666667
0 0.41266 0.8928 0.11102 0.15894666666666665
0 0.31733999999999996 0.81524 0.08612 0.10285333333333334
0 0.4022 0.7494133333333333 0.10152 0.10454666666666666
0 0.22426 0.7428133333333333 0.09996 0.15609333333333333
0 0.31072000000000005 0.66184 0.11858 0.11605333333333334