0 0.23456 0.31537333333333334 0.27484 0.326
0 0.51376 0.18465333333333334 0.29608 0.28932
0 0.7932400000000001 0.3375066666666667 0.29506 0.22166666666666668
0 0.88146 0.5323599999999999 0.13436 0.1809066666666667
0 0.86512 0.67176 0.13594 0.12828
0 0.50808 0.48112 0.21616 0.21558666666666668
0 0.33426 0.51092 0.11422 0.08470666666666667
0 0.21834 0.5316 0.11666 0.10701333333333334
0 0.09754 0.5379733333333333 0.11506 0.10069333333333333
0 0.16638 0.7426133333333333 0.16706000000000001 0.16714666666666667
0 0.7165199999999999 0.60436 0.20446 0.06966666666666667
0 0.7777999999999999 0.8703733333333333 0.06988 0.13694666666666666
0 0.47134 0.8697466666666666 0.10268000000000001 0.14710666666666666
0 0.62954 0.8614266666666668 0.20194 0.18381333333333336