0 0.3942 0.7430533333333332 0.26839999999999997 0.44611999999999996
0 0.1396 0.5773733333333333 0.27922 0.22902666666666668
0 0.5991000000000001 0.40440000000000004 0.2382 0.16118666666666667
0 0.80488 0.4345466666666667 0.16402 0.15290666666666666
0 0.9385800000000001 0.4333866666666667 0.12286 0.16584
0 0.87074 0.2609066666666667 0.18718 0.17134666666666665
0 0.6658200000000001 0.2761733333333333 0.17736000000000002 0.10664
0 0.7094600000000001 0.17066666666666666 0.19036 0.11277333333333334
0 0.80032 0.08077333333333334 0.3435 0.16154666666666667
0 0.09958 0.06628 0.17056 0.12875999999999999
0 0.31945999999999997 0.06602666666666666 0.21603999999999998 0.13204
0 0.42560000000000003 0.24051999999999998 0.22834000000000002 0.16866666666666666
0 0.23462 0.18212 0.1664 0.09377333333333333
0 0.0887 0.24067999999999998 0.1717 0.10421333333333332
0 0.09151999999999999 0.35272000000000003 0.11448 0.06162666666666666
0 0.13172 0.42024 0.092 0.06714666666666666
0 0.19444 0.3897866666666666 0.0803 0.10146666666666666
0 0.24806 0.30308 0.15324000000000002 0.10330666666666667