0 0.29648 0.17018666666666668 0.23865999999999998 0.34037333333333336
0 0.51414 0.13521333333333332 0.17112 0.26281333333333334
0 0.69162 0.13253333333333334 0.17752 0.23078666666666667
0 0.86468 0.14197333333333334 0.1865 0.21918666666666664
0 0.1408 0.47702666666666665 0.16732 0.20738666666666666
0 0.30444 0.4544666666666667 0.16318000000000002 0.21559999999999999
0 0.51546 0.46 0.22522 0.33332
0 0.7061799999999999 0.47068 0.17238 0.25944
0 0.8492999999999999 0.5139333333333334 0.12718000000000002 0.25073333333333336
0 0.20582 0.6882533333333334 0.21162 0.14222666666666667
0 0.8304400000000001 0.6874933333333333 0.18087999999999999 0.1330933333333333