0 0.32292000000000004 0.11958666666666666 0.22297999999999998 0.22773333333333334
0 0.6668999999999999 0.11714666666666666 0.2881 0.20761333333333334
0 0.04266 0.54532 0.08534 0.07349333333333333
0 0.14736000000000002 0.5479866666666667 0.089 0.07884000000000001
0 0.24198 0.5588266666666667 0.08968000000000001 0.08146666666666667
0 0.3434 0.5359066666666666 0.13822 0.10038666666666668
0 0.49232 0.53728 0.12752 0.11456000000000001
0 0.62158 0.5278266666666667 0.10601999999999999 0.10709333333333332
0 0.71716 0.54584 0.09146 0.10881333333333333
0 0.86354 0.5515066666666667 0.09852 0.10110666666666666
0 0.9584600000000001 0.55104 0.0655 0.08112