0 0.19582 0.3453733333333333 0.07736 0.05076
0 0.25248 0.3487066666666666 0.03638 0.042186666666666664
0 0.27674 0.30104 0.07918 0.06494666666666667
0 0.3679 0.3219066666666667 0.10152 0.09904
0 0.42568 0.29062666666666664 0.039939999999999996 0.040293333333333334
0 0.48106 0.2946666666666667 0.07068 0.06742666666666666
0 0.5632 0.2580266666666667 0.11495999999999999 0.09318666666666667
0 0.16452 0.5600266666666667 0.1519 0.11433333333333333
0 0.65196 0.26861333333333337 0.046759999999999996 0.053413333333333333
0 0.6683600000000001 0.22636 0.06816 0.05654666666666666
0 0.8930800000000001 0.22192 0.12329999999999999 0.09717333333333333
0 0.76012 0.24728 0.14880000000000002 0.11742666666666665