0 0.50648 0.4136933333333333 0.15582 0.14549333333333334
0 0.5646 0.17196 0.33492 0.29438666666666663
0 0.7919400000000001 0.36416 0.21816 0.19118666666666664
0 0.22484 0.28042666666666666 0.24969999999999998 0.16465333333333332
0 0.16916 0.6066266666666668 0.10973999999999999 0.05136
0 0.28464 0.5664666666666667 0.10072 0.08150666666666667
0 0.3891 0.5457733333333333 0.08104 0.059173333333333335
0 0.6781200000000001 0.5610133333333334 0.0991 0.08202666666666666
0 0.36384 0.6694266666666666 0.11626 0.07028
0 0.22494 0.6385066666666667 0.08986 0.06177333333333333
0 0.76918 0.6540133333333333 0.10407999999999999 0.08517333333333334
0 0.66504 0.6410133333333333 0.10152 0.07821333333333333
0 0.79848 0.59556 0.09408 0.07494666666666666